8 529 382 130 462 223 167 235 529
12 528 129 376 504 543 363 213 138 206 440 504 418
20 100 125 150 175 200 225 250 275 300 325 350 375 400 425 450 475 500 525 550 575
20 100 101 102 103 104 105 106 107 108 109 110 111 112 113 114 115 116 117 118 119
20 100 101 102 103 104 105 106 107 108 109 110 111 112 113 114 115 116 117 118 119
20 100 101 102 103 104 105 106 107 108 109 110 111 112 113 114 115 116 117 118 119
20 100 101 102 103 104 105 106 107 108 109 110 111 112 113 114 115 116 117 118 119
20 100 101 102 103 104 105 106 107 108 109 110 111 112 113 114 115 116 117 118 119
20 100 101 102 103 104 105 106 107 108 109 110 111 112 113 114 115 116 117 118 119
20 100 101 102 103 104 105 106 107 108 109 110 111 112 113 114 115 116 117 118 119
20 100 101 102 103 104 105 106 107 108 109 110 111 112 113 114 115 116 117 118 119
20 100 101 102 103 104 105 106 107 108 109 110 111 112 113 114 115 116 117 118 119
20 100 101 102 103 104 105 106 107 108 109 110 111 112 113 114 115 116 117 118 119
20 100 101 102 103 104 105 106 107 108 109 110 111 112 113 114 115 116 117 118 119
20 100 101 102 103 104 105 106 107 108 109 110 111 112 113 114 115 116 117 118 119
20 100 101 102 103 104 105 106 107 108 109 110 111 112 113 114 115 116 117 118 119
20 100 101 102 103 104 105 106 107 108 109 110 111 112 113 114 115 116 117 118 119
20 100 101 102 103 104 105 106 107 108 109 110 111 112 113 114 115 116 117 118 119
20 100 101 102 103 104 105 106 107 108 109 110 111 112 113 114 115 116 117 118 119
20 100 101 102 103 104 105 106 107 108 109 110 111 112 113 114 115 116 117 118 119
0
